1.42462
1.42005
1.4161
1.4178
1.417
1.38702
1.38275
1.38538
1.38645
1.37925
1.3838
1.38115
1.38471
1.38578
1.36515
1.37955
1.3779
1.38135
1.37878
1.36415
1.35557
1.35402
1.36138
1.35255
1.3534
1.35405
1.35683
1.35325
1.34105
1.33335
1.3243
1.3343
1.3398
1.34398
1.35308
1.35205
1.3548
1.34047
1.344
1.34875
1.34243
1.34535
1.34595
1.34322
1.3386
1.33906
1.33775
1.3236
1.30625
1.30498
1.3084
1.3046
1.30485
1.30409
1.31318
1.31951
1.31188
1.30945
1.3041
1.30455
1.30835
1.30845
1.30815
1.29645
1.2998
1.29615
1.2959
1.29667
1.30769
1.30725
1.29431
1.28125
1.2723
1.27195
1.27845
1.28172
1.27894
1.28445
1.28785
1.2681
1.26795
1.26876
1.28082
1.28678
1.29715
1.29865
1.2947
1.28962
1.30525
1.306
1.31205
1.31845
1.32335
1.32275
1.3234
1.32057
1.3213
1.3217
1.31975
1.3201
1.31595
1.3155
1.31415
1.32685
1.32879
1.33202
1.32907
1.3198
1.32604
1.32833
1.32159
1.3191
1.3158
1.3197
1.31525
1.32375
1.3276
1.32929
1.32659
1.3379
1.34851
1.3457
1.348
1.34689
1.3479
1.34861
1.33565
1.33325
1.32022
1.3206
1.3239
1.3227
1.3165
1.3291
1.32725
1.31235
1.3124
1.31595
1.3191
1.3091
1.31172
1.3186
1.31755
1.3188
1.32643
1.3251
1.3285
1.32541
1.32911
1.32705
1.32825
1.3367
1.33849
1.3373
1.3345
1.3375
1.3344
1.33765
1.33801
1.3367
1.32338
1.3164
1.3112
1.3097
1.31049
1.3134
1.31445
1.3157
1.3213
1.32
1.3083
1.30835
1.31468
1.31695
1.31409
1.31647
1.32275
1.322
1.32235
1.32102
1.3219
1.32351
1.3262
1.32697
1.32585
1.3264
1.32655
1.3283
1.3241
1.318
1.31773
1.30845
1.30895
1.3065
1.3062
1.30045
1.2979
1.29578
1.29205
1.29205
1.29045
1.287
1.27585
1.27495
1.27935
1.2783
1.58215
1.2824
1.2816
1.26858
1.2619
1.2602
1.25175
1.258
1.2623
1.2623
1.24871
1.2428
1.24518
1.24349
1.24435
1.2509
1.25415
1.25852
1.26246
1.25749
1.252
1.26682
1.2649
1.25289
1.261
1.2637
1.2666
1.26595
1.2748
1.27275
1.2729
1.27405
1.26985
1.25828
1.25755
1.25765
1.25448
1.253
1.25095
1.25245
1.2692
1.26785
1.26795
1.26676
1.626
1.607
1.538
1.2402
1.23055
1.2289
1.23242
1.2334
1.2296
1.22468
1.22552
1.22505
1.22745
1.22898
1.2316
1.2306
1.23229
1.22825
1.2164
1.21595
1.21445
1.21375
1.21679
1.2328
1.2389
1.23225
1.23405
1.23115
1.23298
1.23365
1.24
1.2392
1.23885
1.23995
1.24435
1.24417
1.2402
1.23867
1.2316
1.22915
1.2316
1.2373
1.23858
1.23434
1.23719
1.2382
1.23355
1.2357
1.23686
1.2487
1.25361
1.25888
1.25665
1.252
1.25192
1.2536
1.25763
1.2572
1.25638
1.2637
1.25845
1.25865
1.2611
1.2627
1.2623
1.26481
1.2818
1.28185
1.28165
1.28033
1.2872
1.29366
1.3001
1.31688
1.31365
1.31325
1.31715
1.3116
1.30855
1.306
1.3047
1.2983
1.29909
1.29795
1.29708
1.29129
1.2928
1.29596
1.2859
1.28579
1.29385
1.2968
1.29363
1.30327
1.30719
1.304
1.30585
1.302
1.29914
1.29124
1.29515
1.29919
1.2955
1.2961
1.29795
1.31004
1.31402
1.31289
1.3078
1.30255
1.30299
1.30838
1.30769
1.2997
1.30233
1.29565
1.29425
1.29685
1.29429
1.2984
1.302
1.29823
1.2952
1.28446
1.28395
1.28421
1.28275
1.2877
1.27759
1.27895
1.27138
1.27365
1.274
1.2727
1.27758
1.28013
1.2787
1.27445
1.2762
1.2819
1.2828
1.28675
1.28979
1.29911
1.29815
1.29911
1.3006
1.30076
1.29615
1.30119
1.30273
1.3005
1.2999
1.30745
1.31072
1.31249
1.3085
1.29735
1.29285
1.29285
1.29452
1.30146
1.30965
1.31
1.31731
1.3163
1.31884
1.318
1.32385
1.33082
1.32942
1.32375
1.31895
1.31895
1.32335
1.32055
1.32512
1.3285
1.3257
1.32175
1.32327
1.32348
1.32348
1.3297
1.3054
1.30885
1.30885
1.30795
1.31282
1.3139
1.30955
1.32795
1.3365
1.3365
1.3369
1.34031
1.33934
1.3325
1.3388
1.3399
1.3399
1.3399
1.33321
1.33718
1.33547
1.33921
1.34781
1.34781
1.34711
1.3477
1.34967
1.35865
1.36169
1.37108
1.37108
1.36595
1.3648
1.3596
1.3596
1.35769
1.3428
1.3428
1.33747
1.34275
1.34755
1.35191
1.34558
1.33928
1.33928
1.33621
1.33753
1.3396
1.34345
1.32895
1.32452
1.32452
1.32185
1.3319
1.3122
1.31625
1.316
1.31009
1.31009
1.30318
1.304
1.30743
1.30706
1.3119
1.31341
1.31341