1.419114
1.411594
1.404134
1.397990
1.391720
1.384170
1.383526
1.383206
1.383072
1.382938
1.380118
1.379268
1.378618
1.377946
1.376546
1.376346
1.371550
1.366774
1.362780
1.357534
1.355384
1.355080
1.355642
1.354016
1.351716
1.347706
1.341756
1.337250
1.334560
1.335146
1.339092
1.344642
1.348742
1.348876
1.348880
1.348014
1.346090
1.344200
1.345296
1.345140
1.343110
1.342436
1.340916
1.336446
1.329052
1.322328
1.316196
1.309566
1.305816
1.305384
1.307024
1.309246
1.310702
1.311622
1.311624
1.309898
1.307666
1.306980
1.306720
1.305190
1.304240
1.301800
1.299290
1.296994
1.299242
1.300732
1.300364
1.297434
1.292560
1.285412
1.279652
1.277134
1.276672
1.279102
1.282282
1.280212
1.277458
1.275422
1.274696
1.274482
1.280292
1.286432
1.291620
1.293380
1.297074
1.298844
1.301524
1.306274
1.313020
1.316520
1.320000
1.321704
1.322274
1.321944
1.321344
1.320684
1.319760
1.318600
1.317090
1.318510
1.320248
1.323462
1.326176
1.327306
1.327144
1.327052
1.324966
1.322972
1.322172
1.320904
1.318288
1.318720
1.320420
1.323118
1.324496
1.329026
1.333978
1.337598
1.341340
1.345400
1.347400
1.347420
1.345410
1.342460
1.337126
1.331666
1.326724
1.324134
1.320784
1.322560
1.323890
1.321580
1.319520
1.319410
1.317410
1.313780
1.313654
1.314894
1.315214
1.315154
1.318620
1.321296
1.323276
1.324848
1.326910
1.327034
1.327664
1.329304
1.331920
1.333558
1.335048
1.336898
1.336438
1.336270
1.336412
1.336852
1.334028
1.330428
1.325138
1.319476
1.314234
1.312238
1.311848
1.312748
1.315068
1.316970
1.315950
1.314730
1.314526
1.313656
1.312474
1.314108
1.316988
1.318452
1.319532
1.320918
1.322004
1.322156
1.322996
1.323920
1.324886
1.325786
1.326394
1.326814
1.326240
1.324670
1.322936
1.319316
1.315446
1.311926
1.309566
1.306110
1.304000
1.301366
1.298476
1.295646
1.293646
1.291466
1.287480
1.284060
1.281520
1.279090
1.338120
1.339430
1.340760
1.338606
1.335326
1.270936
1.264806
1.260086
1.258830
1.258910
1.256612
1.254822
1.252258
1.248496
1.244906
1.245344
1.247614
1.250282
1.254076
1.256704
1.256924
1.259458
1.260734
1.258820
1.259522
1.261862
1.261818
1.262028
1.266410
1.268760
1.270600
1.272090
1.272870
1.269566
1.266526
1.263476
1.259562
1.256192
1.254726
1.253706
1.256016
1.258690
1.261680
1.264842
1.339552
1.407112
1.461142
1.455592
1.448350
1.368930
1.294014
1.233094
1.230974
1.229800
1.229124
1.227650
1.226460
1.226336
1.227720
1.228736
1.230184
1.230344
1.227828
1.224698
1.221468
1.217760
1.215468
1.218748
1.223338
1.226898
1.230958
1.233830
1.233866
1.232816
1.234366
1.235396
1.236936
1.238330
1.240470
1.241304
1.241504
1.241468
1.239798
1.236758
1.234244
1.233664
1.233646
1.234194
1.235802
1.237122
1.236372
1.235796
1.236300
1.238602
1.241684
1.246750
1.250940
1.253968
1.254612
1.254610
1.254360
1.254470
1.255346
1.257702
1.258672
1.258876
1.259656
1.260920
1.260640
1.261912
1.266542
1.270692
1.274482
1.278088
1.282566
1.284938
1.288588
1.295634
1.302298
1.307508
1.312206
1.314506
1.312840
1.311310
1.309600
1.305830
1.303328
1.301208
1.299424
1.296742
1.295642
1.295016
1.292606
1.290348
1.290860
1.291660
1.291194
1.294668
1.298948
1.300978
1.302788
1.304462
1.303636
1.300446
1.298676
1.297344
1.296044
1.295436
1.296778
1.299756
1.302722
1.306200
1.308540
1.309460
1.308050
1.306922
1.305882
1.304262
1.304218
1.302750
1.299924
1.297756
1.296674
1.295888
1.297158
1.297954
1.297624
1.295658
1.292768
1.289210
1.286114
1.284614
1.283240
1.282240
1.279674
1.277854
1.275114
1.274136
1.273862
1.275612
1.276622
1.276712
1.277412
1.278276
1.278810
1.280420
1.283488
1.288070
1.291320
1.294582
1.297352
1.299546
1.298954
1.299562
1.300286
1.300266
1.300094
1.302354
1.304260
1.306212
1.307812
1.307302
1.304382
1.300808
1.297214
1.295806
1.298266
1.301696
1.306588
1.310944
1.314420
1.316090
1.318860
1.321562
1.324186
1.325168
1.325358
1.324378
1.322884
1.321110
1.321384
1.323294
1.324644
1.324324
1.324868
1.324540
1.323536
1.324336
1.321066
1.318182
1.315256
1.312150
1.308774
1.310474
1.310614
1.314434
1.320144
1.324880
1.329480
1.335632
1.337910
1.337110
1.337570
1.338170
1.338088
1.338200
1.338342
1.338018
1.337132
1.336994
1.338576
1.341496
1.343482
1.345928
1.348020
1.350188
1.352964
1.357758
1.362434
1.365690
1.366920
1.366502
1.364206
1.361528
1.356898
1.352498
1.348072
1.344702
1.342674
1.344496
1.345052
1.345414
1.344720
1.342452
1.339576
1.338380
1.339214
1.337148
1.334810
1.332208
1.328658
1.326348
1.322998
1.321344
1.319640
1.317288
1.312926
1.311122
1.308672
1.306958
1.306352
1.306714
1.308760
1.310642